5
12 13 14 15 23 24
12 13 14 15 23 25 
12 13 14 15 23 34 
12 13 14 15 23 35 
12 13 14 15 23 45 
12 13 14 15 24 25 
12 13 14 15 24 34 
12 13 14 15 24 35 
12 13 14 15 24 45 
12 13 14 15 25 34 
12 13 14 15 25 35 
12 13 14 15 25 45 
12 13 14 15 34 35 
12 13 14 15 34 45 
12 13 14 15 35 45 
12 13 14 23 24 25 
12 13 14 23 24 34 
12 13 14 23 24 35 
12 13 14 23 24 45 
12 13 14 23 25 34 
12 13 14 23 25 35 
12 13 14 23 25 45 
12 13 14 23 34 35 
12 13 14 23 34 45 
12 13 14 23 35 45 
12 13 14 24 25 34 
12 13 14 24 25 35 
12 13 14 24 25 45 
12 13 14 24 34 35 
12 13 14 24 34 45 
12 13 14 24 35 45 
12 13 14 25 34 35 
12 13 14 25 34 45 
12 13 14 25 35 45 
12 13 14 34 35 45 
12 13 15 23 24 25 
12 13 15 23 24 34 
12 13 15 23 24 35 
12 13 15 23 24 45 
12 13 15 23 25 34 
12 13 15 23 25 35 
12 13 15 23 25 45 
12 13 15 23 34 35 
12 13 15 23 34 45 
12 13 15 23 35 45 
12 13 15 24 25 34 
12 13 15 24 25 35 
12 13 15 24 25 45 
12 13 15 24 34 35 
12 13 15 24 34 45 
12 13 15 24 35 45 
12 13 15 25 34 35 
12 13 15 25 34 45 
12 13 15 25 35 45 
12 13 15 34 35 45 
12 13 23 24 25 34 
12 13 23 24 25 35 
12 13 23 24 25 45 
12 13 23 24 34 35 
12 13 23 24 34 45 
12 13 23 24 35 45 
12 13 23 25 34 35 
12 13 23 25 34 45 
12 13 23 25 35 45 
12 13 23 34 35 45 
12 13 24 25 34 35 
12 13 24 25 34 45 
12 13 24 25 35 45 
12 13 24 34 35 45 
12 13 25 34 35 45 
12 14 15 23 24 25 
12 14 15 23 24 34 
12 14 15 23 24 35 
12 14 15 23 24 45 
12 14 15 23 25 34 
12 14 15 23 25 35 
12 14 15 23 25 45 
12 14 15 23 34 35 
12 14 15 23 34 45 
12 14 15 23 35 45 
12 14 15 24 25 34 
12 14 15 24 25 35 
12 14 15 24 25 45 
12 14 15 24 34 35 
12 14 15 24 34 45 
12 14 15 24 35 45 
12 14 15 25 34 35 
12 14 15 25 34 45 
12 14 15 25 35 45 
12 14 15 34 35 45 
12 14 23 24 25 34 
12 14 23 24 25 35 
12 14 23 24 25 45 
12 14 23 24 34 35 
12 14 23 24 34 45 
12 14 23 24 35 45 
12 14 23 25 34 35 
12 14 23 25 34 45 
12 14 23 25 35 45 
12 14 23 34 35 45 
12 14 24 25 34 35 
12 14 24 25 34 45 
12 14 24 25 35 45 
12 14 24 34 35 45 
12 14 25 34 35 45 
12 15 23 24 25 34 
12 15 23 24 25 35 
12 15 23 24 25 45 
12 15 23 24 34 35 
12 15 23 24 34 45 
12 15 23 24 35 45 
12 15 23 25 34 35 
12 15 23 25 34 45 
12 15 23 25 35 45 
12 15 23 34 35 45 
12 15 24 25 34 35 
12 15 24 25 34 45 
12 15 24 25 35 45 
12 15 24 34 35 45 
12 15 25 34 35 45 
12 23 24 25 34 35 
12 23 24 25 34 45 
12 23 24 25 35 45 
12 23 24 34 35 45 
12 23 25 34 35 45 
12 24 25 34 35 45 
13 14 15 23 24 25 
13 14 15 23 24 34 
13 14 15 23 24 35 
13 14 15 23 24 45 
13 14 15 23 25 34 
13 14 15 23 25 35 
13 14 15 23 25 45 
13 14 15 23 34 35 
13 14 15 23 34 45 
13 14 15 23 35 45 
13 14 15 24 25 34 
13 14 15 24 25 35 
13 14 15 24 25 45 
13 14 15 24 34 35 
13 14 15 24 34 45 
13 14 15 24 35 45 
13 14 15 25 34 35 
13 14 15 25 34 45 
13 14 15 25 35 45 
13 14 15 34 35 45 
13 14 23 24 25 34 
13 14 23 24 25 35 
13 14 23 24 25 45 
13 14 23 24 34 35 
13 14 23 24 34 45 
13 14 23 24 35 45 
13 14 23 25 34 35 
13 14 23 25 34 45 
13 14 23 25 35 45 
13 14 23 34 35 45 
13 14 24 25 34 35 
13 14 24 25 34 45 
13 14 24 25 35 45 
13 14 24 34 35 45 
13 14 25 34 35 45 
13 15 23 24 25 34 
13 15 23 24 25 35 
13 15 23 24 25 45 
13 15 23 24 34 35 
13 15 23 24 34 45 
13 15 23 24 35 45 
13 15 23 25 34 35 
13 15 23 25 34 45 
13 15 23 25 35 45 
13 15 23 34 35 45 
13 15 24 25 34 35 
13 15 24 25 34 45 
13 15 24 25 35 45 
13 15 24 34 35 45 
13 15 25 34 35 45 
13 23 24 25 34 35 
13 23 24 25 34 45 
13 23 24 25 35 45 
13 23 24 34 35 45 
13 23 25 34 35 45 
13 24 25 34 35 45 
14 15 23 24 25 34 
14 15 23 24 25 35 
14 15 23 24 25 45 
14 15 23 24 34 35 
14 15 23 24 34 45 
14 15 23 24 35 45 
14 15 23 25 34 35 
14 15 23 25 34 45 
14 15 23 25 35 45 
14 15 23 34 35 45 
14 15 24 25 34 35 
14 15 24 25 34 45 
14 15 24 25 35 45 
14 15 24 34 35 45 
14 15 25 34 35 45 
14 23 24 25 34 35 
14 23 24 25 34 45 
14 23 24 25 35 45 
14 23 24 34 35 45 
14 23 25 34 35 45 
14 24 25 34 35 45 
15 23 24 25 34 35 
15 23 24 25 34 45 
15 23 24 25 35 45 
15 23 24 34 35 45 
15 23 25 34 35 45 
15 24 25 34 35 45 
23 24 25 34 35 45 
